135
136
139
140
139
136
133
132
130
126
123
121
118
113
110
109
108
107
106
107
109
113
117
124
132
142
155
170
186
203
222
242
260
276
289
300
306
309
304
295
280
258
229
195
157
114
69
23
-22
-72
-120
-165
-210
-253
-294
-332
-370
-402
-432
-461
-481
-500
-518
-534
-544
-547
-542
-534
-520
-503
-481
-454
-424
-394
-361
-327
-289
-251
-213
-176
-139
-104
-77
-59
-43
-27
-14
-4
1
10
29
50
64
67
60
49
41
32
28
29
33
33
25
11
-2
-11
-12
-4
10
27
43
54
59
57
53
55
64
73
79
78
78
87
103
114
110
107
107
118
124
113
91
80
90
124
183
273
405
579
727
776
740
691
731
879
1044
1125
1141
1137
1132
1099
975
805
713
735
791
775
602
335
114
-30
-139
-231
-341
-437
-497
-592
-776
-986
-1162
-1236
-1191
-1130
-1116
-1136
-1192
-1261
-1278
-1239
-1113
-899
-697
-573
-504
-482
-448
-350
-203
-20
186
327
379
375
334
318
355
417
486
533
497
396
279
163
82
36
-6
-35
-81
-179
-302
-414
-512
-559
-564
-554
-532
-539
-584
-621
-621
-583
-497
-403
-322
-241
-179
-138
-83
-12
80
183
268
331
389
434
471
512
549
583
605
600
569
530
480
427
378
329
286
246
194
134
73
8
-54
-99
-123
-128
-148
-184
-228
-253
-246
-239
-231
-227
-235
-245
-230
-174
-108
-19
92
329
667
883
884
711
644
821
1158
1381
1427
1438
1449
1503
1408
1160
931
885
1032
1183
1123
749
322
52
-68
-119
-292
-476
-547
-552
-698
-1030
-1391
-1628
-1588
-1460
-1360
-1333
-1418
-1551
-1643
-1633
-1552
-1398
-1221
-1005
-707
-525
-491
-520
-477
-256
79
368
505
573
545
527
554
580
640
698
721
708
650
476
266
128
73
103
88
-40
-200
-343
-475
-576
-633
-671
-656
-653
-682
-706
-747
-794
-788
-698
-546
-386
-302
-275
-221
-146
-45
73
198
331
433
488
525
573
604
640
689
734
763
733
657
597
556
509
460
405
342
284
193
85
-1
-72
-129
-170
-214
-263
-310
-383
-451
-470
-461
-447
-452
-467
-466
-424
-361
-265
-51
297
682
918
914
759
723
945
1310
1617
1756
1799
1832
1851
1706
1439
1232
1246
1463
1634
1494
1052
558
228
82
-13
-187
-345
-407
-487
-731
-1173
-1618
-1851
-1809
-1656
-1542
-1562
-1727
-1927
-2070
-2094
-1980
-1776
-1530
-1281
-1110
-1075
-1106
-1085
-867
-423
36
364
500
510
518
594
695
829
997
1107
1159
1105
921
701
525
425
432
451
343
151
-59
-266
-407
-517
-603
-605
-589
-639
-731
-849
-961
-982
-935
-835
-692
-601
-583
-565
-513
-409
-251
-90
69
244
374
442
482
521
592
687
770
839
890
880
821
742
669
623
584
522
456
381
268
138
22
-64
-124
-185
-260
-306
-345
-413
-491
-547
-568
-581
-599
-602
-564
-527
-524
-543
-506
-395
-234
29
453
907
1166
1137
921
904
1226
1678
1996
2161
2209
2255
2242
1997
1657
1460
1486
1711
1890
1664
1104
517
94
-96
-194
-413
-575
-600
-704
-1037
-1562
-2102
-2330
-2203
-1993
-1831
-1808
-1984
-2203
-2335
-2355
-2184
-1864
-1527
-1219
-1020
-1005
-1034
-993
-829
-499
-23
488
898
1034
887
723
752
976
1255
1431
1460
1389
1190
878
569
372
311
329
299
161
-86
-417
-720
-867
-859
-797
-772
-817
-876
-930
-1024
-1118
-1112
-985
-798
-630
-516
-449
-419
-402
-304
-76
213
433
551
621
682
714
723
761
856
961
1006
967
892
791
651
537
471
428
369
264
124
9
-96
-230
-331
-379
-408
-436
-488
-561
-605
-634
-694
-708
-695
-671
-639
-649
-638
-593
-479
-416
-260
9
483
1133
1498
1553
1273
1127
1366
1931
2421
2562
2606
2560
2609
2450
1961
1558
1479
1763
2038
1912
1271
510
0
-330
-447
-630
-842
-895
-953
-1249
-1808
-2416
-2800
-2682
-2336
-2075
-1960
-2077
-2320
-2498
-2532
-2379
-1971
-1488
-1113
-838
-775
-817
-797
-643
-351
96
560
901
1102
1087
1006
1044
1263
1478
1585
1538
1363
1215
999
721
458
278
145
18
-132
-399
-647
-895
-1096
-1131
-1081
-1041
-1041
-1059
-1103
-1096
-1088
-1075
-940
-751
-580
-434
-346
-295
-204
-86
80
333
537
655
746
806
855
911
924
920
959
959
915
855
734
590
449
307
192
109
20
-89
-198
-326
-445
-538
-597
-610
-626
-624
-639
-672
-697
-694
-688
-680
-627
-624
-593
-575
-580
-507
-377
-204
74
742
1532
2075
2099
1532
1175
1473
2257
2942
3244
3162
2991
2993
2657
2078
1604
1457
1833
2296
2152
1320
329
-466
-810
-815
-991
-1174
-1177
-1229
-1519
-2151
-2969
-3384
-3160
-2686
-2212
-1947
-2040
-2298
-2545
-2670
-2410
-1792
-1166
-652
-380
-417
-487
-476
-334
3
479
925
1277
1426
1233
924
716
753
1061
1373
1485
1367
1146
868
478
114
-181
-268
-228
-268
-470
-792
-1145
-1497
-1589
-1469
-1254
-1016
-966
-1003
-963
-925
-884
-706
-449
-165
140
268
278
305
283
313
506
718
882
972
889
786
757
687
624
632
649
661
621
435
212
40
-119
-207
-231
-262
-328
-436
-582
-668
-678
-675
-637
-579
-526
-499
-499
-520
-532
-504
-491
-434
-338
-306
-317
-341
-316
-268
-75
228
902
1929
2601
2650
2015
1394
1496
2360
3195
3545
3556
3279
3146
2822
2056
1395
1182
1479
1987
2059
1252
111
-817
-1387
-1463
-1505
-1634
-1533
-1392
-1633
-2272
-3111
-3660
-3456
-2845
-2245
-1741
-1559
-1738
-2048
-2316
-2231
-1576
-727
-51
337
329
153
52
80
251
609
1017
1386
1652
1495
997
477
225
343
619
738
648
618
439
117
-310
-815
-1046
-1026
-891
-784
-759
-1061
-1474
-1707
-1740
-1397
-995
-750
-538
-379
-327
-293
-190
-28
289
601
800
959
958
802
654
608
687
823
844
760
669
525
359
186
36
-5
28
36
-6
-109
-330
-548
-682
-698
-556
-431
-419
-468
-518
-554
-537
-459
-350
-197
-95
-79
-64
-50
-115
-186
-190
-137
-75
-56
-117
-127
-23
152
649
1705
2740
3135
2644
1625
1243
1914
3009
3698
3868
3546
3227
2943
2192
1374
918
958
1512
1937
1493
348
-846
-1744
-2013
-1943
-1990
-1842
-1549
-1537
-1984
-2807
-3562
-3616
-3074
-2397
-1688
-1139
-1009
-1237
-1707
-1992
-1572
-628
263
840
928
667
424
337
383
574
862
1094
1341
1302
874
328
-139
-320
-236
4
261
354
104
-495
-1030
-1388
-1503
-1390
-1232
-1021
-940
-1033
-1325
-1571
-1582
-1362
-915
-389
39
219
191
124
179
405
642
865
1066
1172
1155
1029
797
555
398
313
371
476
421
178
-137
-401
-518
-486
-444
-389
-351
-402
-515
-636
-695
-669
-566
-446
-292
-158
-106
-144
-169
-127
-22
82
135
189
215
179
96
-38
-173
-226
-265
-210
-122
122
568
1679
2938
3567
3212
1897
1149
1665
3045
4069
4385
4061
3611
3315
2442
1415
788
716
1301
1871
1618
527
-818
-2034
-2596
-2580
-2559
-2287
-1801
-1592
-1893
-2717
-3629
-3844
-3326
-2628
-1816
-995
-484
-427
-943
-1593
-1550
-666
409
1251
1506
1241
897
602
434
488
690
761
857
847
603
199
-387
-908
-1120
-814
-485
-268
-326
-850
-1319
-1686
-1842
-1734
-1406
-1215
-1017
-812
-952
-1040
-1158
-1209
-756
-86
407
774
884
723
691
651
657
961
1177
1154
1109
921
631
383
-23
-322
-274
-189
-137
-146
-352
-628
-833
-1010
-975
-679
-472
-350
-302
-351
-364
-379
-418
-331
-50
199
351
410
311
207
139
77
121
180
117
-6
-107
-270
-376
-485
-678
-587
-215
787
2533
3970
4293
3233
1635
1032
2088
3678
4740
5071
4645
4242
3579
2250
1007
402
575
1366
1885
1335
132
-1321
-2670
-3266
-3411
-3299
-2652
-1946
-1738
-2092
-2972
-3758
-3785
-3361
-2716
-1667
-498
345
498
-251
-1091
-1054
-281
771
1656
1929
1734
1359
811
465
410
295
155
109
96
118
-76
-735
-1368
-1670
-1628
-1253
-920
-864
-1082
-1465
-1868
-1972
-1844
-1667
-1398
-1050
-669
-411
-434
-658
-715
-381
182
753
1170
1341
1289
1068
813
728
816
813
674
531
406
241
-72
-516
-851
-945
-922
-791
-595
-526
-612
-815
-947
-824
-558
-327
-176
-51
77
202
211
167
151
172
268
361
429
481
390
116
-170
-406
-522
-600
-606
-604
-664
-637
-619
27
1876
3884
4942
4432
2779
1627
2123
3510
4769
5608
5481
5110
4508
3065
1578
535
99
634
1477
1334
388
-962
-2611
-3589
-3989
-4198
-3618
-2621
-2060
-2028
-2577
-3283
-3391
-3203
-2987
-2144
-790
523
1386
1140
159
-299
-108
515
1418
1996
2015
1774
1270
611
210
-261
-734
-812
-605
-148
101
-313
-1184
-1926
-2514
-2681
-2238
-1736
-1353
-1267
-1585
-1946
-2044
-2045
-1954
-1500
-833
-88
479
521
323
231
218
455
958
1348
1526
1424
1008
661
477
128
-269
-462
-491
-356
-299
-565
-881
-1108
-1332
-1370
-1149
-812
-420
-237
-326
-333
-241
-216
-192
-37
217
574
779
720
626
458
283
123
-3
-10
-54
-220
-519
-696
-761
-977
-1042
-942
-164
1963
4406
5860
5540
3692
1944
1921
3349
4954
6147
6268
5876
5288
3684
1707
138
-678
-258
770
1054
484
-606
-2305
-3798
-4665
-5059
-4395
-3070
-2134
-1691
-1822
-2315
-2500
-2544
-2650
-2151
-898
643
2073
2480
1700
812
255
130
632
1199
1498
1643
1220
419
-234
-896
-1481
-1659
-1593
-1267
-760
-829
-1345
-1919
-2637
-2983
-2740
-2277
-1652
-1153
-1206
-1368
-1389
-1515
-1422
-1082
-662
46
692
904
1004
971
699
544
551
664
954
1031
756
432
45
-437
-852
-1171
-1298
-1140
-968
-902
-858
-957
-1191
-1359
-1314
-970
-412
27
207
302
363
359
327
254
357
549
669
710
704
579
240
-157
-530
-714
-697
-714
-837
-1040
-1008
-771
529
3147
5522
6572
5479
3363
2214
2881
4351
5631
6437
6472
6280
5167
2980
959
-541
-1085
-541
203
323
-104
-1362
-3165
-4473
-5243
-5302
-4291
-2947
-1914
-1378
-1499
-1659
-1443
-1507
-1666
-1236
-57
1702
3137
3231
2423
1605
820
356
377
570
884
834
139
-518
-837
-1261
-1796
-2356
-2689
-2383
-1978
-1898
-1811
-1922
-2434
-2787
-2830
-2496
-1711
-1234
-1156
-903
-652
-572
-486
-478
-208
420
788
991
1277
1224
908
601
327
390
549
230
-212
-421
-625
-836
-1128
-1462
-1519
-1483
-1566
-1443
-1057
-738
-633
-782
-849
-536
-94
187
408
684
854
826
652
488
568
611
477
344
239
161
-62
-402
-822
-996
-1104
-1394
-1378
-1107
282
2958
5684
7187
6535
4339
2390
2430
3857
5583
6800
7001
6795
5806
3650
1123
-846
-1726
-1371
-508
-111
-225
-1066
-2713
-4388
-5582
-5923
-5002
-3439
-2062
-1156
-837
-823
-749
-843
-1104
-925
-10
1537
3158
3861
3478
2568
1424
441
-4
-39
193
295
-53
-692
-1123
-1256
-1800
-2538
-3082
-3156
-2754
-2239
-1692
-1537
-1878
-2508
-2821
-2690
-2196
-1397
-963
-757
-440
-244
-283
-341
-237
90
484
779
1154
1373
1092
541
32
-184
-48
-114
-522
-811
-1002
-1199
-1334
-1464
-1549
-1565
-1626
-1532
-1070
-556
-259
-199
-318
-217
122
324
497
795
923
789
548
276
183
65
-145
-313
-519
-692
-907
-1164
-1484
-1434
-1210
-89
2682
5820
7880
7504
5332
3311
3006
4040
5370
6535
7026
7163
6345
4228
1736
-537
-2060
-2362
-1731
-1015
-525
-897
-2365
-4069
-5442
-6052
-5409
-3892
-2321
-1136
-521
-137
371
462
-37
-383
73
1408
3068
4064
4085
3444
2209
703
-346
-588
-283
-100
-375
-818
-1189
-1766
-2634
-3516
-3997
-3784
-3113
-2271
-1486
-1136
-1480
-2260
-2829
-2616
-1770
-971
-384
73
282
209
-95
-458
-517
-348
-141
325
940
1217
938
183
-614
-939
-950
-956
-836
-706
-790
-1063
-1464
-1758
-1778
-1763
-1758
-1436
-794
-181
182
173
30
76
160
299
627
950
1078
952
668
387
169
-72
-444
-749
-878
-954
-1050
-1374
-1584
-1629
-587
2230
5597
8033
8017
6010
3777
3085
3896
5168
6456
7182
7410
6615
4523
1970
-401
-2045
-2640
-2310
-1661
-963
-904
-2025
-3665
-5133
-5970
-5599
-4224
-2681
-1392
-404
382
1087
1200
484
-218
-84
987
2605
3894
4322
4003
2808
1040
-300
-854
-910
-921
-1010
-1126
-1165
-1504
-2325
-3292
-4043
-4144
-3615
-2598
-1442
-658
-671
-1410
-2143
-2281
-1866
-1275
-569
114
507
522
217
-173
-450
-707
-820
-398
340
853
841
287
-387
-854
-1209
-1432
-1342
-1123
-987
-982
-1131
-1288
-1410
-1669
-1849
-1660
-1109
-391
173
449
472
356
170
94
280
548
686
670
548
344
67
-320
-837
-1231
-1382
-1527
-1673
-1712
-1332
751
4236
7366
8589
7288
4807
3256
3507
4573
6013
7155
7548
7302
5830
3327
726
-1452
-2832
-2868
-2138
-1370
-755
-1095
-2423
-4015
-5420
-6004
-5137
-3536
-2083
-746
363
1222
1675
1159
140
-197
388
1540
2962
3969
4234
3708
2138
241
-868
-1244
-1430
-1489
-1420
-1284
-1193
-1693
-2698
-3594
-4152
-4218
-3478
-2131
-839
-97
-371
-1229
-1727
-1771
-1570
-991
-163
463
739
545
131
-136
-533
-1064
-1125
-595
82
553
506
37
-470
-1048
-1663
-1869
-1654
-1309
-959
-839
-884
-948
-1255
-1712
-1820
-1463
-817
-45
528
794
820
474
39
-85
81
301
385
391
300
141
-279
-921
-1488
-1847
-2027
-2092
-2205
-1734
1025
5204
8437
9078
6932
3954
2544
3275
4619
6154
7488
8043
7747
5972
3214
438
-1897
-3224
-3102
-2196
-1178
-309
-607
-2117
-3822
-5391
-6102
-5207
-3614
-2237
-757
779
1914
2290
1321
-165
-616
14
1247
2734
3897
4381
4032
2437
498
-590
-1283
-1955
-2071
-1620
-1023
-650
-1113
-2283
-3484
-4408
-4673
-3815
-2252
-731
118
-204
-1088
-1586
-1839
-1950
-1403
-456
313
801
848
577
158
-591
-1344
-1367
-786
-63
511
582
262
-244
-1027
-1788
-2040
-1914
-1600
-1109
-693
-445
-476
-1009
-1689
-1940
-1674
-1058
-242
496
932
968
569
55
-288
-440
-423
-232
26
159
102
-345
-1044
-1637
-2186
-2524
-2900
-1172
3108
7318
9670
8645
5520
2659
2070
2866
4262
6328
7639
8112
7183
4719
1950
-726
-2937
-3662
-2928
-1790
-303
418
-522
-2003
-3720
-5393
-5557
-4303
-3030
-1488
343
1639
2499
2161
595
-441
-505
-61
1109
2520
3370
3883
3231
1497
281
-641
-1817
-2329
-1987
-1346
-243
261
-570
-1829
-3218
-4355
-4192
-2961
-1473
-88
200
-467
-943
-1439
-1990
-1929
-1474
-935
-82
550
716
673
-5
-1076
-1637
-1611
-1151
-331
262
396
248
-351
-1123
-1587
-1882
-1966
-1670
-1195
-605
-63
-100
-679
-1259
-1616
-1548
-999
-294
276
662
764
574
264
-213
-651
-848
-802
-539
-264
-236
-482
-1080
-1770
-2344
-2532
-489
3179
6643
8608
8129
5993
3793
3001
2834
3636
5166
6318
7020
6426
4578
2261
-267
-2555
-3461
-3203
-2308
-803
14
-387
-1250
-2656
-4244
-4671
-4108
-3191
-1471
320
1537
2337
2080
1000
287
-57
-82
668
1635
2401
3116
2807
1699
721
-518
-1770
-2069
-1807
-1220
-152
150
-549
-1568
-2771
-3675
-3581
-2861
-1785
-599
-189
-303
-519
-1108
-1582
-1584
-1477
-1069
-205
477
815
808
182
-680
-1266
-1517
-1266
-643
-202
-8
-91
-539
-1069
-1524
-1868
-1907
-1650
-1322
-872
-386
-249
-394
-725
-1147
-1290
-1038
-632
-182
253
433
367
69
-335
-635
-739
-745
-625
-468
-485
-641
-939
-1392
-1589
-36
2795
5634
7475
7367
5753
3915
3055
2897
3731
5040
5838
6028
5239
3783
2121
298
-1411
-2276
-2419
-1931
-858
-215
-355
-957
-2103
-3336
-3680
-3351
-2746
-1538
-280
654
1333
1315
830
450
104
-111
176
737
1354
2052
2105
1715
1222
334
-653
-1246
-1378
-1102
-386
-36
-236
-912
-2057
-3032
-3302
-2884
-2098
-1267
-882
-873
-999
-1226
-1332
-1337
-1275
-1076
-632
-66
443
696
465
-58
-656
-1038
-1035
-711
-308
-90
-149
-445
-779
-1072
-1282
-1397
-1415
-1273
-1017
-683
-433
-377
-514
-750
-942
-937
-695
-380
-71
192
234
88
-79
-279
-505
-614
-649
-529
-287
-189
-394
-798
-1182
-1407
-340
1800
4141
6117
6688
5872
4430
3365
2718
2941
3870
4615
5216
5127
4263
2956
1314
-333
-1378
-1784
-1665
-891
-222
-101
-312
-1032
-2037
-2607
-2761
-2598
-1750
-759
-46
544
662
351
-7
-281
-487
-347
15
413
996
1273
1260
984
522
134
-301
-593
-676
-484
-443
-500
-786
-1555
-2259
-2673
-2673
-2379
-1841
-1400
-1247
-1255
-1300
-1318
-1415
-1312
-1078
-816
-487
-137
65
25
-112
-434
-709
-796
-701
-457
-261
-190
-261
-367
-488
-562
-663
-817
-805
-703
-563
-402
-290
-354
-534
-636
-685
-586
-431
-245
-79
45
147
114
105
51
1
-24
13
153
263
302
145
69
37
-221
-251
337
1417
2655
3738
4171
3944
3519
2994
2698
2846
3188
3522
3606
3380
3006
2457
1654
934
400
-90
-271
-178
-56
44
-20
-421
-867
-1199
-1438
-1402
-1156
-805
-475
-355
-475
-641
-830
-996
-951
-763
-486
-126
162
193
109
23
-113
-269
-453
-582
-655
-635
-561
-597
-780
-1117
-1479
-1751
-1793
-1601
-1365
-1203
-1128
-1156
-1297
-1421
-1390
-1233
-1071
-938
-826
-719
-620
-601
-652
-703
-719
-685
-599
-414
-220
-132
-122
-217
-333
-389
-415
-337
-126
42
62
70
17
-69
-59
-58
49
212
277
322
359
378
355
373
354
337
459
500
534
655
644
527
390
261
180
157
272
400
478
393
184
-4
89
601
1271
2039
2603
2767
2503
2137
1873
1712
1846
2023
2238
2351
2232
2001
1634
1136
615
261
-11
-101
10
103
176
144
-121
-513
-872
-1140
-1197
-1032
-754
-457
-324
-404
-606
-891
-1080
-1030
-799
-546
-311
-231
-288
-365
-588
-772
-877
-943
-906
-783
-645
-549
-611
-863
-1058
-1270
-1401
-1336
-1182
-956
-784
-824
-980
-972
-1087
-1174
-1097
-1064
-866
-706
-619
-485
-474
-632
-658
-628
-513
-285
-264
-126
61
70
114
150
133
140
316
345
441
600
406
471
494
429
437
327
513
517
345
352
461
512
346
412
405
286
279
355
388
446
657
577
545
651
423
360
600
788
847
771
836
914
703
531
562
468
365
379
316
341
545
531
429
507
551
427
235
306
441
469
640
696
709
597
364
284
279
325
362
361
405
354
190
97
24
-100
-178
-210
-171
-71
-200
-335
-384
-492
-647
-791
-657
-559
-611
-607
-530
-548
-682
-716
-604
-579
-751
-728
-686
-732
-712
-591
-636
-738
-554
-709
-891
-727
-635
-816
-825
-482
-629
-811
-607
-600
-621
-648
-571
-331
-499
-249
-105
-334
-71
-64
-94
66
140
179
267
313
250
234
99
181
288
78
160
252
21
-40
84
36
72
284
206
180
439
335
240
393
509
441
386
769
819
663
777
745
770
592
516
763
714
641
650
596
433
335
372
163
55
242
96
-110
171
257
5
32
86
-14
-127
93
128
146
271
190
396
54
-16
308
-110
-103
280
23
-34
37
-31
-78
-176
-6
-139
-309
-98
-68
-198
85
154
-183
-189
-50
-249
-146
-97
-194
-180
-38
-277
-269
-65
-358
-422
-281
-428
-446
-254
-366
-409
-306
-359
-633
-546
-379
-595
-279
-44
-341
-106
-30
-293
-151
-128
-91
56
148
106
10
25
68
-45
-22
55
-190
-209
-195
-218
-88
-63
-466
-132
-169
-618
-285
-31
-220
-425
76
-147
-262
89
-132
-159
116
225
97
107
310
238
55
319
484
209
5
511
356
-29
206
138
-49
124
274
-46
92
291
-113
122
89
104
111
148
384
310
462
146
176
651
23
63
574
176
197
303
388
203
-30
305
146
58
125
-65
386
107
-66
383
146
-277
-145
166
-42
-17
286
94
50
16
-252
-104
9
154
-73
-233
322
-115
-402
90
-225
-498
-204
-124
-255
-190
-58
-22
-316
-107
-61
-245
-113
-19
41
-32
68
85
-175
-151
-98
-91
-52
-170
58
-189
-229
-296
-142
-24
-290
6
-186
-302
-51
-381
-100
-37
-280
-17
-164
-77
-204
-104
-31
-64
-171
-265
245
-28
-203
116
71
-138
-7
-20
47
61
-342
85
-40
-123
-152
252
-223
34
213
-235
179
-82
366
-101
15
701
-66
-378
372
302
-337
179
427
186
87
-149
368
90
-461
340
363
-291
43
699
-84
128
577
-409
230
284
-120
91
50
390
254
-291
390
374
-564
210
207
-75
-30
278
7
-169
108
-259
-246
-44
-112
-74
153
-103
167
7
-58
227
-63
157
331
39
185
371
-121
115
193
-629
247
103
-51
-192
105
298
-564
-111
38
-149
-67
-99
83
106
-314
-45
224
-166
-508
333
59
-552
182
258
-236
-63
-111
-60
-294
70
292
-207
201
20
-207
-187
25
-284
-74
-52
-228
191
-184
-42
-210
-137
129
-496
-32
240
212
-241
160
476
-289
-268
166
61
-230
273
270
21
-185
180
-293
-293
391
-349
-45
224
-154
-109
-86
164
93
-366
-147
750
-424
-189
735
-54
91
193
194
188
-24
421
86
-61
270
-130
122
62
-85
-518
98
-238
-84
194
-237
204
-178
-248
-19
419
-224
-75
278
324
56
95
336
-175
100
21
85
48
-140
203
67
-438
286
132
-530
-191
340
-280
-443
633
132
-184
-33
420
-125
-360
398
187
88
134
362
-19
-20
-16
40
132
-256
288
35
-117
297
-236
-447
-3
87
-492
-334
326
-362
-386
256
-271
-266
-21
-8
-221
128
174
-106
311
42
-66
58
107
186
31
137
279
15
-114
302
-213
-79
-24
-66
101
-165
29
-153
-66
-520
96
3
-629
626
-253
-124
169
-65
-74
-79
347
-54
54
379
16
204
-55
224
-151
-321
373
-316
101
-312
147
210
-290
86
194
-136
-325
202
-185
54
419
188
-62
159
215
-180
52
-78
-215
256
47
16
155
-220
-46
-275
-327
-66
-240
104
3
-151
61
-136
-48
-407
-74
307
22
-89
402
172
-77
293
-96
170
235
-105
249
333
-146
45
492
-335
-355
663
-331
-286
486
-184
-434
158
72
-743
371
207
-703
117
284
-107
-562
822
-123
-454
558
-158
-71
-169
491
-30
-249
450
41
-517
207
256
-789
408
475
-745
391
104
-359
74
-159
237
-32
-116
177
-5
-241
278
298
-460
371
254
-469
55
288
-13
-265
219
-38
-316
-76
147
-250
-152
280
-378
-48
132
-87
-343
159
332
-243
65
229
165
-219
149
64
-230
-81
111
50
124
42
84
-50
-181
-20
-160
-30
285
-16
-112
114
38
-77
-198
141
-225
-86
92
-61
461
-410
114
405
-641
128
180
-60
-12
292
-25
-154
394
-139
-82
121
133
-314
-105
338
-263
-106
148
-134
-102
106
-170
-367
316
181
-336
189
396
-320
-213
198
229
-145
-4
204
33
-115
-106
176
-179
-157
102
-82
47
257
-268
-151
240
-308
-39
353
-465
307
157
-418
66
283
-121
-414
784
-158
-360
778
-215
-45
82
189
-411
29
574
-712
316
704
-724
-27
424
-205
-254
121
526
-250
-38
387
-263
-237
338
-398
-40
218
35
-156
-57
227
-600
248
-304
98
100
-455
564
95
-327
16
195
-160
-129
133
-34
25
129
-82
40
-249
-21
196
-243
175
173
-287
224
-21
-145
25
-114
130
-109
33
331
297
-340
-155
321
-327
-70
236
-180
173
95
-296
73
185
-441
-329
679
-193
-478
400
42
-184
-173
336
-210
-92
123
-300
188
187
-70
43
290
-182
-61
95
173
-56
-157
100
94
-103
-184
-137
290
219
-294
160
193
-204
-61
-94
24
471
-516
287
156
-186
-108
-156
362
-380
169
-7
98
202
-236
151
106
10
-362
478
-300
-29
189
-436
518
-50
-189
-261
525
-276
-293
382
8
-39
-205
380
-9
-20
244
-147
-49
148
-160
-243
313
69
-320
71
158
-211
-91
-88
113
32
-139
-126
190
160
-462
132
55
-328
190
76
-13
247
-285
217
68
-44
32
12
407
-300
238
194
-21
-324
14
56
-146
208
-254
201
-239
48
78
-435
255
-222
-210
159
22
-74
97
-1
57
-132
-255
468
-59
-339
180
138
-300
-11
73
4
-54
36
112
-279
448
65
-649
265
287
-396
-279
711
-44
-259
580
-18
-298
198
-12
-286
331
180
-233
227
196
-391
-39
55
-339
115
-11
-259
312
-20
-392
226
-290
54
-40
-79
194
2
65
-33
338
-102
46
274
-212
590
-98
-29
586
-534
263
76
-87
-172
361
-207
-275
397
-502
171
-107
-339
102
33
-582
211
189
-581
257
201
-268
23
190
-92
-30
289
-33
172
81
-40
144
82
-161
297
-28
-388
607
-10
-53
-87
11
47
-408
-12
75
-152
-8
276
-47
-473
534
-754
-400
675
-388
-119
164
173
-283
-179
54
-136
112
46
12
123
-197
360
-320
26
233
-529
241
349
-201
-215
565
-53
-170
150
23
-101
-7
138
157
118
-213
188
-67
-338
239
-93
-146
211
114
-327
65
108
-174
-332
113
20
-45
97
-63
289
-93
5
133
241
33
-27
360
121
107
-28
119
38
-113
288
-304
-46
287
-276
38
71
128
-483
72
10
-483
316
65
-276
-82
277
-530
-193
514
-109
-307
248
227
-348
235
67
-158
171
157
223
-122
95
378
-306
4
155
118
-254
-230
653
-447
-351
510
-262
-377
294
38
-687
238
145
-216
-313
289
77
-499
297
50
56
-238
215
211
-438
255
379
-499
85
430
-350
11
289
23
-188
86
229
-495
278
211
-292
354
-178
130
3
-453
278
83
-296
46
120
-17
-291
263
-139
-82
101
-288
254
-71
-21
91
-36
-49
196
-126
22
-77
296
125
-501
762
-95
-317
288
156
-15
-427
580
-154
-232
320
-233
152
-586
212
-61
-368
400
-105
-186
-183
351
-419
-327
555
-5
-177
39
224
-99
-122
317
-103
250
-29
-99
581
-76
-59
228
261
98
-332
361
-149
127
161
-350
521
-149
-310
-53
-59
-226
-229
254
-219
-192
339
-381
-490
524
-264
-276
92
165
156
-469
264
317
-281
180
-45
209
136
-324
358
123
-147
-100
329
-102
-354
156
270
-350
-186
500
-280
-275
152
-153
-359
137
94
-444
150
181
-188
-230
284
149
-540
270
159
-62
-168
272
169
-563
490
254
-327
307
43
282
-321
24
695
-687
27
465
-118
-366
322
358
-707
9
377
-459
-78
121
84
-399
94
206
-231
139
-203
95
-129
-67
45
236
-194
-1
352
-297
72
-2
-37
-71
347
-40
-7
339
152
-159
-14
200
-188
17
126
139
21
343
-559
181
131
-487
240
40
-42
-153
355
-449
-128
170
-229
-126
260
40
-403
279
5
-130
-280
410
-135
-122
14
276
208
-471
386
-174
246
-166
152
118
-252
206
236
-178
-167
673
-516
-208
518
-72
-409
241
202
-245
-232
-17
8
-145
-78
44
138
-315
7
181
-139
-201
222
75
152
-127
67
60
-405
350
-22
-139
-32
403
-233
-370
572
-332
-353
180
251
-496
-80
182
-219
-247
181
219
-279
359
-332
226
-84
138
-94
139
319
-468
304
-87
-119
40
111
27
-129
231
87
-380
415
172
-140
-149
437
170
-679
350
470
-260
-364
611
66
-701
200
289
-181
-310
396
57
-501
330
136
-560
112
324
-272
0
7
159
-213
-119
83
260
-126
-318
599
-92
-289
117
262
-104
-286
320
16
-359
425
-144
-88
231
30
-220
-78
373
-329
-25
66
-56
42
-197
15
216
-235
-145
157
-130
302
-81
-93
130
81
41
-465
595
184
-553
252
320
-232
-244
268
-45
-45
-140
186
-203
-213
134
61
-82
-280
478
-164
-502
427
35
-664
422
245
-295
-255
390
177
-699
317
224
-360
-107
372
32
-177
218
16
-183
-17
329
-83
-173
130
359
-88
-370
522
139
-540
-17
517
-220
-458
506
126
-675
179
155
-254
-220
-64
398
-442
-127
493
-352
-186
173
258
-214
-233
462
77
-352
349
357
-492
119
691
-221
-466
748
87
-626
352
613
-496
-151
537
-127
-309
-10
478
-429
-369
545
-289
-399
321
91
-334
-57
346
-63
-321
119
336
-334
78
302
-68
-78
-21
338
-107
-12
129
-23
-6
-90
228
-15
-400
389
-141
-408
195
-24
-147
-231
404
-139
-589
473
-220
-316
158
-29
145
-254
33
137
-228
230
-141
52
37
-249
149
-112
218
-200
173
152
-266
349
-135
-33
9
184
132
-246
475
-191
-126
148
-103
379
-263
13
241
-256
-31
-139
169
-38
-239
94
-42
43
-293
178
-63
-192
154
-149
137
-219
212
-163
-157
208
102
-157
100
207
-12
-134
84
319
-328
-88
485
117
-410
355
190
-369
-177
662
-279
-378
694
-545
-194
309
70
-174
140
147
-230
-34
-59
315
-185
-47
392
-13
-219
-167
619
-340
-157
473
-69
-51
-84
350
-398
-54
306
-212
2
52
197
-325
131
149
-561
316
-313
-73
133
-314
231
61
-225
-175
586
-321
-327
437
19
-251
143
406
-477
371
-49
-248
136
-226
354
-353
185
161
-205
-182
82
111
-76
13
242
47
-275
1
-5
-48
-193
358
-83
-148
220
-278
124
-17
-298
417
-37
-235
-55
294
32
-745
709
-337
-294
441
-61
-175
-19
644
-556
-82
514
112
-525
-24
841
-496
-268
639
-225
-380
279
-30
-17
-363
417
-175
-316
292
-210
175
-301
346
-53
-140
271
69
283
-501
272
365
-611
405
142
-84
-239
202
297
-848
602
318
-575
306
118
-192
-205
97
192
-214
47
409
-139
-241
337
-13
-370
35
295
-217
-182
284
145
-423
64
392
-427
-218
432
-169
-310
384
233
-236
-269
612
-299
-483
608
-110
35
40
20
313
-480
210
112
-454
206
134
-65
-212
76
64
-93
-382
367
-194
-234
334
-376
147
1
-244
127
-182
-158
178
-58
-37
-269
334
102
-535
634
89
-460
131
361
-132
-73
114
182
-255
137
166
-313
279
-418
474
-284
-190
324
-244
-101
-45
303
-326
199
-186
98
61
-181
428
-161
109
238
-151
-47
200
-99
-102
197
287
-553
383
138
-539
428
99
-206
48
-7
-57
241
-181
-57
95
371
-405
30
236
-440
277
-149
62
-201
180
56
-380
206
-15
-57
-136
103
74
-23
16
-53
227
-98
-59
-52
200
-39
-134
351
-169
147
165
-357
5
146
90
-353
222
360
-488
146
165
-128
-219
105
349
-483
179
405
-518
-59
81
67
-206
-210
434
-105
-518
474
-188
-308
7
165
196
-668
491
112
-625
436
157
-110
-311
475
197
-601
334
332
-325
-83
553
-146
-535
354
-49
-139
-198
517
168
-708
243
313
-327
-399
596
315
-686
60
520
-407
-376
583
-159
-373
491
-255
-145
153
-11
-80
-18
163
70
-89
136
74
-227
309
-22
-102
199
20
-35
-213
421
-239
-85
237
-233
160
-400
240
14
-265
196
-86
150
-365
84
137
-27
-270
190
485
-657
402
140
-63
-287
296
359
-697
529
63
-191
194
-137
384
-798
390
372
-993
876
-298
-92
32
-92
488
-535
185
183
-339
40
140
3
50
159
-353
179
-158
55
78
-175
305
-403
198
-36
-236
539
-430
-67
469
-262
-66
128
59
-152
-4
236
-276
-19
173
-156
64
-23
-127
107
-24
-194
274
-252
14
163
-172
126
-213
324
-355
23
389
-362
223
78
-50
-41
-112
254
-105
83
156
-215
159
-85
-48
